.Random.seed <-
c(403L, 10L, 1628112404L, 1711307415L, 1612428429L, 1688189348L, 
1553900426L, 1173917685L, 1995144783L, -1701017258L, -178146304L, 
-1032503997L, 299905249L, -1235400112L, -1683491154L, 1434272345L, 
1587735147L, -2047320102L, -1639866212L, -432385377L, 1391427829L, 
1746569612L, -772397982L, 1295443005L, -405731657L, 1480795486L, 
1292823704L, -2070988805L, 141524377L, -1196589528L, 2028701398L, 
-1890397359L, 47707651L, 900708754L, -1844492508L, -328357401L, 
-989592003L, -1030868812L, 1704306458L, 1293225061L, 1546781951L, 
-1576442490L, 1834228496L, 1674928051L, -371366831L, -1715894272L, 
769169630L, 1289409321L, -347910437L, 952163818L, -427514484L, 
1220213455L, 857982597L, 462579004L, 1879255058L, -462846195L, 
480273479L, -1408547282L, -2076987512L, 296675979L, -2000716695L, 
988405816L, -327374618L, -1802350463L, 1365469203L, 920453058L, 
-1709897612L, 1585700471L, 1928642413L, 747388932L, 754826026L, 
1053040789L, 1608195887L, 886875702L, -1247378848L, 1235058851L, 
-1657072703L, -752459856L, 812919502L, -391833543L, -1933730229L, 
-1678695430L, -1317482756L, 1543570239L, -1139127275L, -2058115284L, 
262212610L, -763121955L, 1422851543L, -499328834L, 28707576L, 
195465435L, -1802398919L, -81406328L, -2075680202L, -2113570191L, 
-1914240861L, 1531824626L, -229267132L, -1124662777L, -1320906787L, 
-1067525932L, -618223622L, 1362255685L, 757992351L, -888422106L, 
-674287184L, -1850840493L, 1486017905L, -1048791904L, -1205758914L, 
-1871979703L, 299174395L, -1719767606L, 147366700L, -1620948177L, 
1220022757L, 1324489884L, 2093037810L, -1793560211L, -1913110873L, 
-750882610L, 129375784L, -1711053269L, -1656853431L, -1663980200L, 
-453733370L, 1948734945L, -659243149L, 1602657250L, -1402883244L, 
709811799L, -331315635L, 1707801060L, 925324234L, -2089134539L, 
233798799L, 190076310L, 1092053312L, -286366717L, 1120376353L, 
57082128L, 2042031854L, 643240601L, 145189675L, 1979168282L, 
-1989026596L, 2086883551L, 1218936501L, 2067953740L, -1439890270L, 
-283241475L, 1168724215L, 1396373022L, 1174112472L, 1819278395L, 
478512601L, -807099544L, 1560366742L, 414902289L, 495569347L, 
1989899730L, -1568785308L, 147508135L, 1869931773L, 139034868L, 
-404359206L, 382151461L, 1871919679L, -494927418L, -1163250096L, 
-1025439117L, 813493905L, 1772222144L, -1805983586L, 313494633L, 
-1068525413L, 1007786410L, 401244620L, 934734991L, -376838971L, 
-545397636L, -1534895918L, 2051635277L, 45592839L, -1884355346L, 
-1722634808L, 2114360011L, 323377961L, -852591752L, -572751706L, 
1275034305L, -871765165L, -1519773694L, 954610996L, 2125250231L, 
-1700011347L, -1711361084L, -1491477526L, 758506581L, 1320073711L, 
-60415498L, 229308192L, -2100713245L, -1551303295L, -77472784L, 
2083734158L, 311735801L, 502720395L, 204829626L, -2101605700L, 
-108871169L, 1507905365L, -2028009364L, 588643522L, 811079453L, 
-1013035625L, 823192830L, -1299892552L, 935708827L, 447670009L, 
-2250680L, -249848970L, 1845280433L, -674697501L, -453722702L, 
1019389444L, 982719815L, 2110773277L, 217653828L, -2079855016L, 
337543994L, -1641029136L, 1005743804L, -114152172L, 528430786L, 
1483634784L, -1412917380L, 1556560848L, 1945267490L, 980354728L, 
-1600742516L, -1707807556L, 1615480626L, 42580544L, -75304780L, 
1200872008L, 303386042L, -478129648L, -1476135188L, -1406761644L, 
-1477593838L, -1205098080L, 1546761932L, 1008868960L, 2076691394L, 
68315944L, 1437608876L, 837386044L, 1027767666L, -488542416L, 
-98650844L, 1154339640L, -1519890726L, 618109840L, 198118140L, 
-213232748L, 999055426L, 407933184L, 28433468L, -1668000432L, 
-932786014L, 12715336L, 1507334924L, -79734052L, -229957294L, 
-918804352L, -564188076L, -1508437016L, 2110844154L, -1090867376L, 
171177772L, 249027956L, 44744594L, 45296736L, -361085556L, -1263484064L, 
-1783912990L, -777514072L, -1407592244L, 629937148L, 687976882L, 
-368951824L, -647454780L, -2072180392L, 1702645114L, -1970735184L, 
210787772L, -1803430828L, 447252418L, -1198102496L, -790642500L, 
-36796848L, -303646750L, 215734376L, 1297864780L, 278553852L, 
-1214523406L, 467270912L, -2083695244L, -355287032L, -677555270L, 
186930640L, 1187401708L, 26830228L, 677700050L, 1755175264L, 
1280793420L, -219762400L, -1911683198L, 1665138408L, -1574819604L, 
1765443644L, -1965867150L, -1449079184L, -1158366172L, 1233932088L, 
-874267494L, 1905509072L, -1040920388L, -1444610412L, 1536290434L, 
1768587456L, -1316968644L, 105541776L, 987168290L, 174648328L, 
-649450228L, 1035975836L, 1931162130L, 342823808L, 1047864852L, 
1020624424L, 62569786L, -147821104L, 1929656428L, 1853310260L, 
-555857262L, 2010152800L, 256347980L, 1010587616L, -282424414L, 
397851560L, -235705972L, -771756868L, -736034446L, -1440868112L, 
-1719019452L, -1864637096L, -1118598598L, -1936175248L, 1737690172L, 
859091732L, 2017473986L, -1086357792L, 1111731068L, 1293828816L, 
1820122274L, -483794904L, 954808588L, -1329071172L, 1529556274L, 
-1610391104L, -684811724L, -1968803896L, 1326886074L, -1588317808L, 
-514125332L, 937731668L, 1529001106L, -1086962912L, 1805459916L, 
-222812704L, 331699906L, 1112569896L, 184125100L, -584118084L, 
1922735602L, -1369297616L, -574511964L, -835884360L, 1735170394L, 
-421254768L, -1394976900L, -770864876L, 1843330882L, 725864192L, 
-52497476L, 1150468944L, 1165225762L, -245091000L, -941445620L, 
-1098815396L, -1767640878L, -1577247232L, 1860985172L, -901788184L, 
-932615174L, 287489232L, -198846164L, -1465108748L, 592567698L, 
322580576L, -629263092L, -2144179488L, 279514466L, 812786344L, 
-1925223860L, -693291652L, -684660430L, 138706032L, 678734660L, 
-230653480L, -374840198L, 1316283952L, -826678596L, -978316460L, 
738844738L, 1012074912L, 1647400636L, 867192272L, -1719423646L, 
1030170600L, 1494376396L, -857816324L, 1636582898L, -1613693824L, 
-828614412L, 215874184L, 641346362L, 977680208L, 714586732L, 
-389560172L, -1512292014L, -1571330336L, -1331013940L, -1501079392L, 
490903426L, 1832912616L, -2039546132L, -265215940L, -1806031246L, 
615969904L, 1947195940L, -731797448L, 1995436058L, -1489044992L, 
-1526348706L, -1175075029L, -1125653459L, -357616486L, -1920501672L, 
-1180586047L, 1880244339L, 10811796L, 75593762L, -279744713L, 
1672344065L, 95267590L, -920422588L, -511079819L, 795175903L, 
2087563064L, 1906751766L, -919100125L, -1725262107L, 1522429698L, 
-1333951120L, 1793193241L, -2127590133L, -941617668L, 628827690L, 
-1369919905L, 1690226153L, -1715286274L, 1328893676L, -756957635L, 
-1923412473L, 1936761328L, 2019336590L, 1784866747L, 812405149L, 
-8925366L, -219696280L, -1356782255L, 159196739L, -745256124L, 
-1186490382L, 528053703L, 177429393L, -1023257834L, -2073565324L, 
303756805L, -681673137L, 782277192L, -889402394L, -1371871981L, 
-1965671819L, -212858798L, 1984735904L, -355813495L, 1504789435L, 
51266572L, -292839014L, 606986511L, -1598386343L, 1874952686L, 
447130748L, -260187923L, -1944318057L, 21280864L, -1727587778L, 
-1655223541L, -1710861939L, -1284384070L, -1393520392L, -1266905439L, 
-1837259181L, 1863604596L, -507830526L, 1755903895L, 1667905889L, 
-1900756570L, 1758843812L, 904801877L, 1918799615L, 1285501848L, 
-1291623242L, 2020176195L, 1727473797L, -222080734L, 1917166096L, 
-1273157191L, 2133756523L, -41687716L, -2128522102L, 341851263L, 
1517245897L, 1379937886L, 622832908L, 302627037L, -264808985L, 
790187536L, 862208814L, 309315547L, 98523325L, 1197494826L, -653295928L, 
-521196559L, 2078866787L, 403371364L, 1721612434L, -1440019097L, 
991467313L, 1221528694L, 1725379988L, -1600085595L, 432487087L, 
-980235416L, 1137162054L, -1526599949L, -6614955L, -835400654L, 
1333635584L, 1959643881L, 154317147L, -1206117460L, 160864186L, 
335061359L, 340028153L, 1738040206L, -1882681764L, 672545997L, 
-1318288329L, 688246464L, -220415586L, 1480221291L, -1466308115L, 
-268511142L, 171714328L, -1910002559L, -175982029L, -628930476L, 
1622674530L, -1146461449L, -567227071L, -2147402810L, -859256572L, 
-1839896395L, -820832353L, 850835448L, -1099093546L, -1436897181L, 
